Version 0.9.7
5
 4 156 185 77 128 0 1
 5 80 400 206 81 2 2
 0 250 112 877 276 8 3
 3 725 411 203 58 140 4
 1 475 410 206 81 149 5
 0
26
 255 5 217 199 217 199 217 139 217 139 303 139 303 139 0 1 0 3
 255 5 1070 139 1070 139 1140 139 1140 373 1070 373 1070 373 0 3 0 3
 65793 5 1070 126 1070 126 1152 126 1152 360 1070 360 1070 360 0 3 0 3
 65793 5 217 298 217 298 217 360 217 360 303 360 303 360 0 1 0 3
 65793 5 420 321 420 321 420 321 420 360 420 360 420 360 0 3 0 3
 255 5 329 178 329 178 329 178 329 139 329 139 329 139 0 3 0 3
 65793 5 459 360 459 360 459 479 459 479 490 479 490 479 0 3 0 5
 255 5 472 373 472 373 472 421 472 421 490 421 490 421 0 3 0 5
 121086 5 394 217 394 217 394 217 537 217 537 217 537 217 0 3 0 3
 121086 5 537 230 537 230 537 421 537 421 531 421 531 421 0 3 0 5
 121086 5 407 204 407 204 407 204 550 204 550 204 550 204 0 3 0 3
 121086 5 420 191 420 191 420 191 563 191 563 191 563 191 0 3 0 3
 121086 5 563 230 563 230 563 421 563 421 569 421 569 421 0 3 0 5
 121086 5 550 230 550 230 550 230 550 421 550 421 550 421 0 3 0 5
 12615935 5 407 321 407 321 407 321 407 360 407 360 407 360 0 3 0 3
 15490816 5 381 139 381 139 381 139 381 178 381 178 381 178 0 3 0 3
 15490816 5 368 139 368 139 368 139 368 178 368 178 368 178 0 3 0 3
 15490816 5 355 139 355 139 355 139 355 178 355 178 355 178 0 3 0 3
 15490816 5 329 321 329 321 329 321 329 373 329 373 329 373 0 3 0 3
 16777088 5 342 321 342 321 342 321 342 360 342 360 342 360 0 3 0 3
 16777088 5 355 321 355 321 355 321 355 360 355 360 355 360 0 3 0 3
 16777088 5 368 321 368 321 368 321 368 360 368 360 368 360 0 3 0 3
 16777088 5 342 126 342 126 342 126 342 178 342 178 342 178 0 3 0 3
 8454016 5 693 321 693 321 693 481 771 481 771 455 771 455 0 3 0 4
 1052688 5 706 360 706 360 706 448 706 448 736 448 736 448 0 3 0 4
 8454016 5 381 282 381 282 381 282 693 282 693 282 693 282 0 3 0 3
1
 7151 1 16 323 230 5 0 12431760 0 3
