Version 0.9.7
5
 4 152 245 77 128 0 1
 5 100 400 206 81 2 2
 0 264 177 877 276 8 3
 3 830 93 203 58 140 4
 1 868 474 206 81 149 5
 0
48
 255 5 213 259 213 259 213 204 213 204 317 204 317 204 0 1 0 3
 255 5 1084 204 1084 204 1154 204 1154 438 1084 438 1084 438 0 3 0 3
 65793 5 1084 191 1084 191 1166 191 1166 425 1084 425 1084 425 0 3 0 3
 65793 5 213 358 213 358 213 425 213 425 317 425 317 425 0 1 0 3
 65793 5 434 386 434 386 434 386 434 425 434 425 434 425 0 3 0 3
 255 5 343 243 343 243 343 243 343 204 343 204 343 204 0 3 0 3
 16777088 5 356 386 356 386 356 386 356 425 356 425 356 425 0 3 0 3
 16777088 5 369 386 369 386 369 386 369 425 369 425 369 425 0 3 0 3
 16777088 5 382 386 382 386 382 386 382 425 382 425 382 425 0 3 0 3
 65793 5 577 386 577 386 577 386 577 425 577 425 577 425 0 3 0 3
 16744448 5 512 243 512 243 512 243 512 204 512 204 512 204 0 3 0 3
 16744448 5 525 243 525 243 525 243 525 204 525 204 525 204 0 3 0 3
 16744448 5 538 243 538 243 538 243 538 204 538 204 538 204 0 3 0 3
 16777088 5 499 243 499 243 499 243 499 191 499 191 499 191 0 3 0 3
 16777088 5 512 386 512 386 512 386 512 425 512 425 512 425 0 3 0 3
 16777088 5 525 386 525 386 525 386 525 425 525 425 525 425 0 3 0 3
 16777088 5 499 386 499 386 499 386 499 425 499 425 499 425 0 3 0 3
 255 5 486 243 486 243 486 243 486 204 486 204 486 204 0 3 0 3
 65793 5 1032 386 1032 386 1032 386 1032 425 1032 425 1032 425 0 3 0 3
 16777088 5 343 386 343 386 343 386 343 425 343 425 343 425 0 3 0 3
 16777088 5 382 191 382 191 382 191 382 243 382 243 382 243 0 3 0 3
 16777088 5 369 191 369 191 369 191 369 243 369 243 369 243 0 3 0 3
 16777088 5 356 243 356 243 356 243 356 191 356 191 356 191 0 3 0 3
 65535 5 434 282 434 282 434 282 577 282 577 282 577 282 0 3 0 3
 65535 5 421 269 421 269 421 269 564 269 564 269 564 269 0 3 0 3
 65535 5 408 256 408 256 408 256 551 256 551 256 551 256 0 3 0 3
 255 5 629 243 629 243 629 243 629 204 629 204 629 204 0 3 0 3
 8454143 5 941 243 941 243 941 243 551 243 551 243 551 243 0 3 0 3
 8454143 5 564 256 564 256 564 256 954 256 954 256 954 256 0 3 0 3
 8454143 5 577 269 577 269 577 269 967 269 967 269 967 269 0 3 0 3
 8454143 5 941 295 941 295 941 485 941 485 943 485 943 485 0 3 0 5
 8454143 5 962 485 962 485 954 485 954 485 954 295 954 295 0 5 0 3
 65793 5 824 425 824 425 824 543 824 543 883 543 883 543 0 3 0 5
 255 5 837 438 837 438 837 485 837 485 883 485 883 485 0 3 0 5
 8454143 5 967 295 967 295 967 485 967 485 981 485 981 485 0 3 0 5
 16744448 5 486 386 486 386 486 386 486 438 486 438 486 438 0 3 0 3
 65793 5 841 130 841 130 841 130 811 130 811 191 811 191 0 4 0 3
 65793 5 720 386 720 386 720 386 720 425 720 425 720 425 0 3 0 3
 12615935 5 421 386 421 386 421 386 421 425 421 425 421 425 0 3 0 3
 12615935 5 564 386 564 386 564 386 564 425 564 425 564 425 0 3 0 3
 12615935 5 642 191 642 191 642 191 642 243 642 243 642 243 0 3 0 3
 8454016 5 395 347 395 347 395 353 642 353 642 347 642 347 0 3 0 3
 8454016 5 538 347 538 347 538 361 655 361 655 347 655 347 0 3 0 3
 8454143 5 629 373 629 373 629 373 915 373 915 373 915 373 0 3 0 3
 8454143 5 915 386 915 386 930 386 930 485 924 485 924 485 0 3 0 5
 32768 5 668 347 668 347 668 347 876 347 876 347 876 347 0 3 0 3
 32768 5 876 334 876 334 876 334 876 137 876 137 876 137 0 3 0 4
 16744448 5 395 243 395 243 395 243 395 204 395 204 395 204 0 3 0 3
3
 7151 1 16 337 295 5 0 12431760 0 3
 7151 1 16 480 295 5 0 0 13988 3
 7157 1 16 623 295 5 0 0 8500 3
