Version 0.9.7
5
 4 390 392 77 128 0 1
 5 100 400 206 81 2 2
 0 489 312 877 276 8 3
 3 1054 244 203 58 140 4
 1 1086 599 206 81 149 5
 0
48
 255 5 451 406 451 406 451 339 451 339 542 339 542 339 0 1 0 3
 255 5 1309 339 1309 339 1379 339 1379 573 1309 573 1309 573 0 3 0 3
 65793 5 1309 326 1309 326 1391 326 1391 560 1309 560 1309 560 0 3 0 3
 65793 5 451 505 451 505 451 560 451 560 542 560 542 560 0 1 0 3
 65793 5 659 521 659 521 659 521 659 560 659 560 659 560 0 3 0 3
 255 5 568 378 568 378 568 378 568 339 568 339 568 339 0 3 0 3
 16777088 5 581 521 581 521 581 521 581 560 581 560 581 560 0 3 0 3
 16777088 5 594 521 594 521 594 521 594 560 594 560 594 560 0 3 0 3
 16777088 5 607 521 607 521 607 521 607 560 607 560 607 560 0 3 0 3
 65793 5 802 521 802 521 802 521 802 560 802 560 802 560 0 3 0 3
 16744448 5 737 378 737 378 737 378 737 339 737 339 737 339 0 3 0 3
 16744448 5 750 378 750 378 750 378 750 339 750 339 750 339 0 3 0 3
 16744448 5 763 378 763 378 763 378 763 339 763 339 763 339 0 3 0 3
 16777088 5 724 378 724 378 724 378 724 326 724 326 724 326 0 3 0 3
 16777088 5 737 521 737 521 737 521 737 560 737 560 737 560 0 3 0 3
 16777088 5 750 521 750 521 750 521 750 560 750 560 750 560 0 3 0 3
 16777088 5 724 521 724 521 724 521 724 560 724 560 724 560 0 3 0 3
 255 5 711 378 711 378 711 378 711 339 711 339 711 339 0 3 0 3
 65793 5 1257 521 1257 521 1257 521 1257 560 1257 560 1257 560 0 3 0 3
 16777088 5 568 521 568 521 568 521 568 560 568 560 568 560 0 3 0 3
 16777088 5 607 326 607 326 607 326 607 378 607 378 607 378 0 3 0 3
 16777088 5 594 326 594 326 594 326 594 378 594 378 594 378 0 3 0 3
 16777088 5 581 378 581 378 581 378 581 326 581 326 581 326 0 3 0 3
 65535 5 659 417 659 417 659 417 802 417 802 417 802 417 0 3 0 3
 65535 5 646 404 646 404 646 404 789 404 789 404 789 404 0 3 0 3
 65535 5 633 391 633 391 633 391 776 391 776 391 776 391 0 3 0 3
 255 5 854 378 854 378 854 378 854 339 854 339 854 339 0 3 0 3
 65793 5 932 521 932 521 932 521 932 560 932 560 932 560 0 3 0 3
 8454143 5 1166 378 1166 378 1166 378 776 378 776 378 776 378 0 3 0 3
 8454143 5 789 391 789 391 789 391 1179 391 1179 391 1179 391 0 3 0 3
 8454143 5 802 404 802 404 802 404 1192 404 1192 404 1192 404 0 3 0 3
 8454143 5 1166 430 1166 430 1166 610 1166 610 1161 610 1161 610 0 3 0 5
 8454143 5 1180 610 1180 610 1179 610 1179 610 1179 430 1179 430 0 5 0 3
 8454143 5 1140 521 1140 521 1150 521 1150 610 1142 610 1142 610 0 3 0 5
 255 5 984 339 984 339 984 339 984 378 984 378 984 378 0 3 0 3
 65793 5 1062 521 1062 521 1062 521 1062 560 1062 560 1062 560 0 3 0 3
 8454016 5 620 482 620 482 620 474 997 474 997 482 997 482 0 3 0 3
 65793 5 1049 560 1049 560 1049 668 1049 668 1101 668 1101 668 0 3 0 5
 255 5 1062 573 1062 573 1062 610 1062 610 1101 610 1101 610 0 3 0 5
 8454143 5 1192 430 1192 430 1192 610 1192 610 1199 610 1199 610 0 3 0 5
 16744448 5 711 521 711 521 711 521 711 573 711 573 711 573 0 3 0 3
 8454016 5 763 482 763 482 763 482 984 482 984 482 984 482 0 3 0 3
 8454016 5 1010 482 1010 482 1010 482 1101 482 1101 482 1101 482 0 3 0 3
 8454016 5 1101 469 1101 469 1101 288 1101 288 1100 288 1100 288 0 3 0 4
 65793 5 1065 281 1065 281 1035 281 1035 326 1036 326 1036 326 0 4 0 3
 8454143 5 646 508 646 508 646 519 1140 519 1140 508 1140 508 0 3 0 3
 12615935 5 646 495 646 495 646 495 646 495 854 495 854 495 0 3 0 3
 12615935 5 789 508 789 508 789 507 867 507 867 508 867 508 0 3 0 3
4
 7151 1 16 562 430 5 0 12431760 0 3
 7151 1 16 705 430 5 0 0 13988 3
 7032 1 14 978 430 5 0 0 13988 3
 7004 1 14 848 430 5 0 0 13988 3
