Version 0.9.7
6
 4 262 247 77 128 0 1
 5 80 400 206 81 2 2
 0 376 161 877 276 8 3
 1 792 452 206 81 140 4
 1 1049 454 206 81 150 5
 3 460 86 203 58 160 6
 0
52
 0 5 323 360 323 360 323 409 323 409 429 409 429 409 0 1 0 3
 0 5 1196 409 1196 409 1291 409 1291 175 1196 175 1196 175 0 3 0 3
 255 5 323 261 323 261 323 188 323 188 429 188 429 188 0 1 0 3
 255 5 1196 188 1196 188 1278 188 1278 422 1196 422 1196 422 0 3 0 3
 65793 5 429 175 429 175 429 123 429 123 471 123 471 123 0 3 0 6
 65535 5 754 331 754 331 754 331 637 331 637 331 637 331 0 3 0 3
 65535 5 715 344 715 344 715 344 624 344 624 344 624 344 0 3 0 3
 65535 5 637 318 637 318 637 130 637 130 646 130 646 130 0 3 0 6
 65535 5 624 331 624 331 624 130 624 130 626 130 626 130 0 3 0 6
 65535 5 611 227 611 227 611 130 611 130 606 130 606 130 0 3 0 6
 65535 5 598 227 598 227 598 130 598 130 586 130 586 130 0 3 0 6
 255 5 715 227 715 227 715 227 715 188 715 188 715 188 0 3 0 3
 65793 5 806 370 806 370 806 370 806 409 806 409 806 409 0 3 0 3
 16776960 5 981 463 981 463 975 463 975 463 975 370 975 370 0 4 0 3
 16776960 5 962 463 962 463 962 463 962 370 962 370 962 370 0 4 0 3
 16776960 5 943 463 943 463 945 463 945 370 949 370 949 370 0 4 0 3
 16776960 5 924 463 924 463 931 463 931 370 936 370 936 370 0 4 0 3
 16744448 5 905 463 905 463 905 370 905 370 910 370 910 370 0 4 0 3
 16744448 5 897 370 897 370 890 370 890 463 886 463 886 463 0 3 0 4
 16744448 5 884 370 884 370 876 370 876 463 867 463 867 463 0 3 0 4
 16744448 5 871 370 871 370 857 370 857 463 848 463 848 463 0 3 0 4
 16744448 5 767 331 767 331 767 331 767 331 910 331 910 331 0 3 0 3
 16744448 5 741 344 741 344 741 343 897 343 897 344 897 344 0 3 0 3
 16744448 5 884 279 884 279 884 279 884 357 884 357 884 357 0 3 0 3
 16744448 5 871 357 871 357 871 357 871 279 871 279 871 279 0 3 0 3
 65535 5 793 266 793 266 793 266 598 266 598 266 598 266 0 3 0 3
 65535 5 754 253 754 253 754 253 611 253 611 253 611 253 0 3 0 3
 16744448 5 767 253 767 253 767 252 871 252 871 253 871 253 0 3 0 3
 16744448 5 884 240 884 240 884 240 884 240 741 240 741 240 0 3 0 3
 16777088 5 975 357 975 357 975 357 988 357 988 357 988 357 0 3 0 3
 16777088 5 962 344 962 344 962 344 1027 344 1027 344 1027 344 0 3 0 3
 16777088 5 949 344 949 344 949 344 949 279 949 279 949 279 0 3 0 3
 16777088 5 936 344 936 344 936 344 936 279 936 279 936 279 0 3 0 3
 16777088 5 1040 266 1040 266 1040 266 936 266 936 266 936 266 0 3 0 3
 255 5 988 227 988 227 988 227 988 188 988 188 988 188 0 3 0 3
 65793 5 1066 370 1066 370 1066 370 1066 409 1066 409 1066 409 0 3 0 3
 8421631 5 1105 465 1105 465 1105 370 1105 370 1105 370 1105 370 0 5 0 3
 8421631 5 1001 357 1001 357 1001 357 1001 357 1105 357 1105 357 0 3 0 3
 8421631 5 1040 344 1040 344 1040 344 1105 344 1105 344 1105 344 0 3 0 3
 8421631 5 1105 318 1105 318 1105 318 1105 279 1105 279 1105 279 0 3 0 3
 8421631 5 1014 227 1014 227 1014 227 1105 227 1105 227 1105 227 0 3 0 3
 8421631 5 1053 240 1053 240 1053 240 1105 240 1105 240 1105 240 0 3 0 3
 16776960 5 1001 253 1001 253 1001 253 949 253 949 253 949 253 0 3 0 3
 255 5 1040 422 1040 422 1040 465 1040 465 1064 465 1064 465 0 3 0 5
 65793 5 1027 409 1027 409 1027 523 1027 523 1064 523 1064 523 0 3 0 5
 12615935 5 1014 370 1014 370 1014 382 780 382 780 370 780 370 0 3 0 3
 12615935 5 1053 331 1053 331 1053 389 728 389 728 370 728 370 0 3 0 3
 12615935 5 1027 240 1027 240 1027 215 728 215 728 240 728 240 0 3 0 3
 12615935 5 1066 253 1066 253 1066 208 780 208 780 227 780 227 0 3 0 3
 8421631 5 1105 331 1105 331 1105 325 923 325 923 357 793 357 0 3 0 3
 255 5 780 422 780 422 780 463 780 463 807 463 807 463 0 3 0 4
 65793 5 767 409 767 409 767 521 767 521 807 521 807 521 0 3 0 4
2
 7283 1 16 709 279 5 0 0 8583448 3
 7086 1 14 982 279 5 0 0 10708 3
