Version 0.9.7
5
 4 152 245 77 128 0 1
 5 100 400 206 81 2 2
 0 264 177 877 276 8 3
 3 332 466 203 58 140 4
 1 624 469 206 81 149 5
 0
31
 255 5 213 259 213 259 213 204 213 204 317 204 317 204 0 1 0 3
 255 5 1084 204 1084 204 1154 204 1154 438 1084 438 1084 438 0 3 0 3
 65793 5 1084 191 1084 191 1166 191 1166 425 1084 425 1084 425 0 3 0 3
 65793 5 213 358 213 358 213 425 213 425 317 425 317 425 0 1 0 3
 255 5 343 243 343 243 343 243 343 204 343 204 343 204 0 3 0 3
 0 5 421 386 421 386 421 386 421 425 421 425 421 425 0 3 0 3
 0 5 564 386 564 386 564 386 564 425 564 425 564 425 0 3 0 3
 255 5 473 204 473 204 473 204 473 243 473 243 473 243 0 3 0 3
 12615935 5 551 386 551 386 551 386 551 425 551 425 551 425 0 3 0 3
 16777088 5 486 191 486 191 486 191 486 243 486 243 486 243 0 3 0 3
 16777088 5 486 386 486 386 486 386 486 425 486 425 486 425 0 3 0 3
 16777088 5 499 386 499 386 499 386 499 425 499 425 499 425 0 3 0 3
 16777088 5 512 386 512 386 512 386 512 425 512 425 512 425 0 3 0 3
 16744448 5 525 204 525 204 525 204 525 243 525 243 525 243 0 3 0 3
 16777088 5 356 243 356 243 356 243 356 191 356 191 356 191 0 3 0 3
 16777088 5 421 243 421 243 421 243 421 191 421 191 421 191 0 3 0 3
 16777088 5 395 256 395 256 395 250 512 250 512 256 512 256 0 3 0 3
 16777088 5 382 269 382 269 382 260 499 260 499 269 499 269 0 3 0 3
 4227327 5 356 360 356 360 356 359 642 359 642 360 642 360 0 3 0 3
 4227327 5 369 282 369 284 631 284 631 347 642 347 642 347 0 3 0 3
 4227327 5 408 269 408 269 408 277 642 277 642 334 642 334 0 3 0 3
 8454143 5 642 386 642 386 681 386 681 480 680 480 680 480 0 3 0 5
 8454143 5 538 269 538 269 699 269 699 269 699 480 699 480 0 3 0 5
 8454143 5 551 256 551 256 718 256 718 256 718 480 718 480 0 3 0 5
 8454143 5 564 243 564 243 737 243 737 243 737 480 737 480 0 3 0 5
 8453888 5 525 373 525 373 541 373 541 510 518 510 518 510 0 3 0 4
 0 5 330 425 330 425 324 425 324 503 343 503 343 503 0 3 0 4
 0 5 616 425 616 425 616 538 616 538 639 538 639 538 0 3 0 5
 255 5 642 438 642 438 642 480 642 480 639 480 639 480 0 3 0 5
 16777088 5 343 386 343 386 343 386 343 425 343 425 343 425 0 3 0 3
 16777088 5 369 373 369 373 369 372 473 372 473 373 473 373 0 3 0 3
3
 7151 1 16 467 295 5 0 12431760 0 3
 7386 1 14 337 295 5 0 11785696 0 3
 7086 1 14 831 295 5 0 0 11552 3
